0 0.35949803149606296 0.360236220472441 0.125492125984252 0.3425196850393702
0 0.44143700787401563 0.46161417322834586 0.10925196850393734 0.21062992125984226
1 0.40895669291338577 0.7352362204724409 0.11220472440944881 0.17125984251968504
2 0.3351377952755903 0.8149606299212597 0.1328740157480314 0.2598425196850394
2 0.5861220472440944 0.5236220472440944 0.09153543307086626 0.19291338582677173
2 0.6532972440944878 0.5767716535433071 0.08120078740157415 0.20078740157480318
2 0.7418799212598424 0.5639763779527565 0.09891732283464527 0.20275590551181172
2 0.7957677165354333 0.6732283464566922 0.13287401574803132 0.17322834645669297
2 0.4650590551181104 0.3671259842519686 0.0708661417322836 0.07677165354330731
1 0.7913385826771645 0.5659448818897639 0.10629921259842529 0.11614173228346444
