0 0.7197342519685033 0.6043307086614171 0.1491141732283462 0.17716535433070843
0 0.8944389763779529 0.5629921259842519 0.21112204724409436 0.2913385826771653
2 0.7655019685039366 0.7372047244094481 0.13730314960629947 0.15944881889763737
2 0.2709153543307085 0.6289370078740157 0.14320866141732283 0.2224409448818899
2 0.3484251968503937 0.6584645669291339 0.11515748031496063 0.13976377952755917
2 0.44143700787401535 0.6476377952755903 0.11220472440944873 0.22047244094488264
2 0.5263287401574805 0.6092519685039367 0.09301181102362185 0.1515748031496063
1 0.5772637795275589 0.3661417322834646 0.08562992125984259 0.12598425196850388
2 0.5706200787401575 0.22440944881889763 0.08710629921259852 0.18503937007874016
1 0.31003937007874016 0.8129921259842519 0.1328740157480312 0.16929133858267648
