0 0.4074803149606297 0.46062992125984237 0.1328740157480314 0.2362204724409448
0 0.5115649606299206 0.37696850393700815 0.13139763779527572 0.3799212598425199
1 0.6163877952755901 0.7263779527559044 0.1225393700787397 0.16929133858267698
1 0.7138287401574793 0.864173228346457 0.14320866141732216 0.19685039370078733
2 0.7337598425196856 0.4173228346456694 0.09744094488188898 0.1850393700787401
2 0.7965059055118102 0.4635826771653547 0.12253937007874022 0.17519685039370125
2 0.8061023622047243 0.5570866141732282 0.12401574803149588 0.2047244094488187
2 0.8865649606299217 0.6220472440944874 0.1432086614173229 0.20472440944881845
2 0.2251476377952754 0.4576771653543301 0.11072834645669265 0.19094488188976347
2 0.14985236220472425 0.5127952755905513 0.1284448818897636 0.19881889763779534
