2 0.24803149606299207 0.6328740157480316 0.09744094488188974 0.21850393700787415
2 0.14173228346456693 0.6269685039370078 0.1151574803149606 0.22244094488188984
1 0.1505905511811022 0.4763779527559053 0.1033464566929133 0.12992125984251976
1 0.26058070866141725 0.4763779527559056 0.11368110236220468 0.12598425196850419
2 0.610482283464567 0.649606299212598 0.12549212598425216 0.2086614173228342
2 0.718257874015748 0.6663385826771653 0.09596456692913392 0.2145669291338583
2 0.810531496062992 0.6968503937007874 0.11515748031496045 0.21653543307086615
2 0.7883858267716536 0.5088582677165359 0.1033464566929133 0.19094488188976413
0 0.6968503937007869 0.4576771653543312 0.10334645669291274 0.3287401574803156
0 0.6060531496062986 0.4586614173228345 0.11072834645669322 0.20078740157480307
