2 0.03690944881889763 0.6427165354330708 0.07381889763779526 0.21062992125984256
2 0.12106299212598419 0.5383858267716536 0.09448818897637795 0.20275590551181094
0 0.3646653543307087 0.43011811023622043 0.11220472440944879 0.3720472440944882
1 0.3646653543307087 0.6919291338582677 0.1269685039370079 0.15551181102362194
2 0.6097440944881886 0.6466535433070867 0.1033464566929133 0.23425196850393715
2 0.5477362204724407 0.5383858267716534 0.08562992125984242 0.19488188976377946
2 0.642224409448819 0.4921259842519683 0.08267716535433081 0.2047244094488189
1 0.7920767716535427 0.6190944881889768 0.12253937007874015 0.14763779527559048
0 0.8784448818897649 0.4940944881889763 0.1801181102362202 0.20078740157480307
2 0.9242125984251968 0.6102362204724409 0.1476377952755905 0.19291338582677156
